427 481 459
613 474 444
539 877 258
56 849 255
37 256 540
549 77 909
786 272 766
361 673 120
390 981 437
322 606 511
856 137 684
45 414 211
635 76 926
910 884 430
424 687 476
959 242 317
137 60 932
883 555 408
629 279 620
549 769 255
773 608 730
494 602 708
923 216 194
400 124 438
628 218 897
424 608 501
704 12 109
469 742 371
768 336 621
909 878 796
687 495 388
923 102 934
755 154 245
213 843 411
465 543 542
196 412 76
212 297 174
993 541 86
250 691 78
534 647 392
225 877 277
826 55 88
950 590 601
561 887 983
174 491 257
554 740 987
403 854 291
417 134 803
857 818 237
800 24 219
82 416 172
530 987 902
529 183 667
199 783 51
564 694 737
233 864 760
201 604 825
696 249 723
95 493 181
858 639 726
840 865 898
315 152 780
801 73 434
867 376 679
922 724 3
42 695 88
732 289 70
397 16 439
988 774 532
80 532 270
667 218 820
979 472 627
521 821 462
688 111 724
814 85 105
558 172 180
138 570 775
324 652 111
405 18 373
498 98 309
580 606 227
825 35 364
299 231 162
594 444 817
176 331 473
519 742 928
281 937 808
151 31 203
426 796 533
76 758 365
33 920 6
205 915 870
16 940 876
746 341 144
992 777 537
819 594 557
639 585 600
213 660 964
650 484 810
850 393 388
335 277 716
856 748 549
454 615 681
900 45 47
934 933 804
649 355 926
104 450 989
71 405 62
223 482 667
317 308 556
240 970 802
868 461 325
761 537 365
496 870 941
730 17 543
502 146 113
24 501 920
46 841 689
546 670 157
83 531 758
992 326 28
903 11 514
269 866 678
859 567 269
672 953 133
316 547 885
372 495 517
870 679 927
81 538 980
511 268 832
436 303 971
214 104 96
786 895 321
637 727 651
656 569 748
15 774 958
648 641 882
253 389 836
12 583 29
483 468 122
468 645 150
51 333 529
428 392 338
995 460 473
67 411 768
631 731 52
907 133 393
672 191 69
566 520 767
164 774 84
247 844 589
843 661 16
672 851 625
490 417 360
20 407 200
158 599 734
174 562 537
806 234 841
919 981 689
918 559 776
620 684 985
605 652 969
333 276 887
688 759 644
501 884 248
817 436 836
278 991 54
47 827 861
782 119 31
72 933 964
111 971 907
122 867 947
190 422 260
230 46 979
287 102 990
374 875 675
468 106 682
513 999 614
360 221 638
569 307 899
136 660 784
545 899 978
302 462 918
233 671 399
371 683 670
495 584 517
22 341 356
29 523 234
805 327 770
745 670 66
777 594 391
136 496 261
482 313 327
96 695 860
879 300 474
243 79 124
564 249 150
341 10 101
626 247 675
2 304 582
365 427 687
438 885 376
775 245 795
349 369 149
176 89 400
216 65 228
871 905 556
638 410 135
886 342 638
135 442 483
613 994 40
531 250 143
217 326 258
873 332 742
655 183 693
170 563 874
418 353 790
457 466 618
215 419 321
768 815 479
921 944 874
500 103 396
618 371 441
800 260 808
695 319 631
26 74 972
359 104 826
831 37 533
433 767 238
980 609 224
136 252 236
471 43 77
563 63 999
148 247 242
96 428 498
749 805 929
443 454 124
694 439 210
245 323 800
48 477 783
921 815 541
763 149 448
931 914 175
587 69 595
516 601 914
29 979 539
893 602 982
225 760 255
692 611 74
806 840 985
379 345 949
309 606 402
151 852 977
332 322 462
25 425 368
341 883 857
258 252 290
534 372 194
99 899 620
906 294 761
563 565 413
864 431 642
762 926 198
167 323 244
980 361 205
896 817 750
240 764 987
808 515 164
89 849 994
786 120 930
384 413 353
608 832 392
864 688 76
291 248 713
929 792 691
992 595 901
995 770 435
917 79 845
957 179 600
785 965 288
724 749 424
901 495 204
575 240 452
932 821 570
362 518 294
768 391 375
598 562 563
80 540 176
54 488 802
976 740 471
974 754 488
305 227 576
986 496 56
858 690 835
56 226 279
713 816 17
952 628 576
236 623 425
242 715 366
977 130 79
486 84 114
858 350 922
868 788 138
504 974 777
298 34 846
489 506 778
841 233 756
408 236 485
109 431 561
390 355 446
153 396 861
239 76 105
662 460 578
179 543 512
729 187 441
45 808 61
982 708 813
585 746 474
253 613 115
106 989 282
695 495 588
975 784 66
176 888 647
669 286 505
164 736 729
80 228 848
383 456 280
217 523 537
743 789 553
451 389 934
211 847 55
822 204 413
609 378 100
176 549 116
608 231 156
14 966 709
289 58 284
931 145 260
793 319 932
331 147 102
921 789 938
596 991 566
727 238 284
453 208 674
704 645 445
463 639 798
392 51 621
925 570 775
688 711 751
784 32 264
809 818 316
169 152 799
218 62 780
399 44 133
86 128 344
144 530 225
688 898 721
711 848 711
722 255 830
796 450 861
636 863 111
145 815 607
581 724 392
628 344 231
632 522 954
494 277 629
530 631 791
612 587 684
289 642 978
842 27 698
193 523 423
839 137 991
489 522 767
773 338 73
926 168 89
94 641 169
195 589 491
733 568 971
249 122 444
613 889 679
643 839 540
429 53 692
638 719 589
952 665 533
217 26 805
152 683 813
991 2 635
471 748 38
415 711 490
817 619 575
756 786 328
867 567 309
109 304 272
981 978 836
990 212 575
539 249 164
359 351 602
699 722 938
825 683 82
444 864 251
274 773 513
565 610 109
501 216 141
6 178 479
151 941 569
986 818 968
810 143 921
305 328 83
485 477 564
442 957 189
372 808 771
725 919 382
167 826 447
857 746 369
727 689 608
21 705 403
436 850 628
29 591 341
654 581 795
40 701 229
388 688 81
69 434 615
812 734 900
60 950 176
5 700 332
588 207 391
344 222 245
603 688 79
157 720 638
976 952 212
585 946 548
629 707 873
420 389 786
939 374 849
912 761 829
201 491 786
315 412 301
223 377 489
789 576 570
706 640 817
562 497 985
942 9 962
850 282 867
7 764 310
128 0 392
372 712 945
13 165 847
23 232 572
313 992 362
32 238 670
919 417 518
410 273 443
406 923 222
828 820 470
928 228 810
734 2 873
138 638 794
149 274 782
16 921 173
82 102 837
141 470 635
693 606 111
44 212 872
680 367 438
304 253 149
122 537 649
867 423 944
64 529 770
468 181 267
13 980 273
699 867 760
654 873 112
811 192 272
734 14 897
159 555 844
120 936 615
558 776 782
997 891 414
109 211 395
543 251 39
373 898 599
970 957 530
585 304 758
238 116 946
708 12 739
748 669 365
986 670 10
978 562 17
762 307 821
363 530 575
858 3 342
317 36 815
313 657 948
192 926 990
62 512 727
757 632 105
985 973 683
60 104 222
579 64 440
35 992 267
807 622 316
136 939 925
839 69 414
4 846 620
979 130 190
150 883 567
218 492 91
732 283 905
489 838 697
583 12 848
217 891 177
214 250 727
182 986 713
187 593 686
104 351 563
806 919 414
979 656 103
232 948 239
862 793 975
854 594 983
758 567 465
788 414 588
294 908 819
968 187 76
616 951 87
392 661 629
179 812 818
258 964 189
441 528 81
615 181 862
275 66 676
698 787 256
788 685 950
445 451 960
539 379 194
955 904 703
555 892 175
172 341 989
984 13 737
857 165 725
514 52 947
849 974 538
415 409 559
569 860 144
581 694 431
915 134 710
80 557 632
452 968 598
394 975 825
737 800 785
363 558 426
626 719 276
302 379 629
833 686 976
733 33 809
571 393 981
198 116 230
494 325 711
487 622 817
890 826 761
647 641 115
339 131 649
847 496 325
436 341 823
47 286 233
183 838 28
410 449 915
713 690 223
845 486 943
674 722 147
875 564 883
157 678 303
470 531 103
237 864 866
393 434 347
604 826 422
700 428 504
832 451 218
192 272 712
40 258 975
105 771 776
644 655 581
180 484 654
651 256 73
246 316 716
49 516 339
812 63 764
80 928 29
576 447 926
78 941 76
80 103 536
391 980 956
747 689 867
869 154 297
342 242 790
244 885 884
229 514 982
64 651 848
179 839 239
733 404 212
425 564 792
918 254 999
140 378 214
240 319 856
586 672 667
66 216 459
716 276 423
418 674 372
734 248 267
140 207 93
837 546 134
191 594 556
945 777 603
77 195 112
135 501 377
161 573 290
191 727 249
370 467 166
481 776 955
706 684 809
55 696 914
107 103 713
305 152 263
304 540 398
505 141 440
271 453 585
232 347 581
836 775 362
444 938 14
37 325 609
187 504 897
775 121 753
724 646 183
521 514 241
288 212 368
289 984 512
758 505 681
739 374 950
318 466 613
130 215 794
963 680 882
690 354 527
764 43 562
765 351 469
397 658 346
169 311 439
490 156 605
192 320 359
222 788 502
108 403 406
108 325 730
716 52 217
708 985 584
111 59 379
709 914 60
686 667 379
251 912 214
310 908 974
7 275 904
920 140 281
945 752 495
203 361 331
789 755 36
57 779 159
560 700 377
86 812 796
942 486 321
149 852 283
253 638 939
174 792 231
690 68 328
343 966 252
318 593 133
65 499 891
740 952 85
30 985 656
104 202 901
692 219 365
248 727 446
689 742 170
686 914 701
421 158 746
723 202 101
880 752 913
608 792 37
233 218 985
987 571 137
876 835 717
873 220 699
181 225 989
369 135 182
904 389 63
332 16 131
930 876 14
46 832 960
94 611 700
507 599 909
825 899 74
93 585 529
110 499 470
312 900 951
136 98 272
289 283 834
954 196 287
520 11 849
791 535 517
413 335 133
104 525 562
822 190 285
735 51 987
5 591 360
863 587 684
937 772 498
131 89 227
159 447 756
136 818 552
337 302 350
970 95 490
552 901 979
489 814 436
912 125 154
149 107 974
572 808 846
418 995 838
357 908 348
639 719 635
720 211 158
470 250 154
242 508 122
762 389 778
915 756 115
317 96 243
566 798 430
816 405 544
970 929 188
245 39 822
412 40 602
256 874 378
646 995 843
65 797 618
472 959 724
350 28 309
949 14 870
960 687 533
470 722 901
38 479 753
368 671 988
564 991 298
407 427 15
454 562 773
943 975 745
202 415 659
805 169 598
901 144 246
827 962 236
964 964 969
701 523 257
335 732 415
886 526 544
720 703 445
517 743 299
186 921 694
317 689 718
538 441 77
41 540 9
993 913 633
500 387 85
721 89 391
913 348 281
585 371 823
116 777 17
650 619 904
290 628 794
399 74 399
718 805 450
802 525 315
916 160 660
365 688 783
660 780 801
624 615 152
605 762 120
253 912 603
683 29 449
279 608 924
771 736 536
819 906 730
569 744 818
313 596 621
627 185 861
568 393 253
238 148 870
934 265 25
982 503 123
982 680 817
559 182 788
166 180 482
196 843 907
941 53 262
230 16 10
131 119 244
794 177 402
117 705 84
176 122 499
140 248 995
169 515 768
425 249 40
679 492 807
328 538 553
548 931 399
10 627 771
110 197 836
819 563 102
689 328 254
495 319 771
524 421 539
709 422 749
571 837 803
813 488 441
616 290 342
442 258 468
893 741 570
501 370 716
117 40 728
193 861 805
125 367 462
676 721 585
742 636 6
524 859 807
835 809 90
129 783 815
165 133 909
311 454 28
285 502 762
366 182 350
505 368 710
653 132 744
675 160 840
534 578 236
733 303 682
155 990 935
401 931 304
935 377 497
861 431 287
253 951 785
109 557 109
881 174 161
485 265 471
155 639 714
157 647 664
507 846 75
528 924 635
649 526 662
753 906 588
882 169 346
462 396 517
79 200 171
405 405 653
234 124 398
569 66 864
467 637 933
189 680 771
377 558 618
419 325 736
710 654 350
430 997 123
628 89 663
491 381 880
829 791 897
25 396 805
893 332 195
142 164 917
84 928 964
721 392 246
645 55 606
681 25 384
463 874 95
63 574 355
479 34 54
733 854 23
800 11 320
926 82 521
156 420 127
956 614 114
989 924 630
347 951 631
569 180 417
555 668 510
759 442 236
71 471 220
252 748 213
737 787 428
66 901 937
480 632 817
603 387 305
856 362 961
984 197 418
341 307 161
852 419 164
580 896 657
891 187 508
274 759 284
557 138 485
724 973 61
706 893 711
877 771 96
382 67 473
191 266 631
863 251 987
168 514 294
704 509 313
292 374 684
346 749 198
423 117 211
574 931 820
147 979 431
308 792 944
966 323 738
103 693 551
19 817 109
668 164 576
417 776 651
769 848 147
992 472 125
198 874 536
696 818 742
429 106 362
262 723 182
562 390 323
978 228 247
558 712 168
468 904 954
80 18 582
254 556 703
461 391 766
138 790 289
373 35 911
453 678 704
457 360 588
89 67 685
219 275 434
712 298 831
226 591 443
204 820 875
492 107 829
185 619 101
545 691 610
462 494 644
499 180 680
775 344 368
416 569 274
724 710 12
842 25 179
815 434 187
329 168 554
169 338 225
509 157 878
693 421 890
735 665 895
897 992 83
999 544 893
311 246 495
306 317 516
459 714 250
54 634 873
505 579 918
201 401 793
654 176 225
864 444 59
256 817 831
768 492 496
464 168 811
231 597 415
608 112 795
670 386 663
224 179 298
379 4 703
698 570 900
0 711 318
951 69 801
63 829 88
836 155 503
474 332 621
936 818 303
740 679 154
799 512 843
890 493 198
785 479 797
889 691 920
449 678 171
588 74 585
921 564 477
880 693 654
131 333 990
53 467 360
697 321 900
839 520 991
642 323 968
659 379 534
754 172 580
73 951 714
966 423 199
140
